t esc acc ms
0.00 0.00 78.47 137.0
0.30 0.00 78.47 137.0
0.32 0.00 78.47 137.0
0.34 0.00 78.47 137.0
0.36 0.00 78.47 137.0
0.38 0.00 78.47 137.0
0.40 0.00 78.47 137.0
0.42 0.00 78.47 137.0
0.44 0.00 78.47 137.0
0.46 0.00 78.47 137.0
0.48 0.00 78.47 137.0
0.50 0.00 78.47 137.0
0.52 0.93 79.40 142.2
0.54 1.85 79.75 146.9
0.56 2.78 80.09 151.7
0.58 4.05 80.44 159.0
0.60 4.75 80.79 162.8
0.62 5.21 81.13 165.2
0.64 5.90 81.71 168.8
0.66 6.71 81.83 173.7
0.68 8.10 82.18 180.8
0.70 9.49 82.41 188.3
0.72 10.88 82.87 195.9
0.74 11.57 82.87 199.9
0.76 12.96 83.10 207.2
0.78 14.58 83.10 215.9
0.80 16.44 83.22 225.8
0.82 18.75 83.45 237.8
0.84 22.11 83.56 254.9
0.86 25.23 83.68 272.0
0.88 30.67 83.91 300.3
0.90 36.69 84.03 333.3
0.92 44.10 84.14 373.3
0.94 53.82 84.38 424.3
0.96 67.71 84.61 499.2
0.98 84.84 84.72 588.0
1.00 100.00 84.72 665.5
1.01 100.00 84.72 665.5
