t esc acc ms
0.00 0.00 19.72 248.6
0.30 3.42 20.93 284.2
0.32 6.44 22.74 317.4
0.34 10.87 24.95 365.2
0.36 15.29 26.36 413.0
0.38 19.72 29.58 459.5
0.40 23.54 32.19 501.7
0.42 27.57 33.80 546.4
0.44 36.42 40.04 645.3
0.46 43.66 44.27 724.7
0.48 52.11 49.50 814.9
0.50 58.35 52.72 881.3
0.52 63.98 56.74 944.2
0.54 68.61 59.36 995.1
0.56 73.24 61.37 1044.8
0.58 77.67 64.39 1091.5
0.60 81.29 66.80 1129.3
0.62 84.71 68.41 1166.4
0.64 89.34 71.83 1215.2
0.66 91.15 73.04 1234.3
0.68 92.56 73.64 1248.1
0.70 93.76 74.04 1261.4
0.72 94.97 74.65 1274.1
0.74 96.58 75.05 1291.6
0.76 96.98 75.25 1295.4
0.78 96.98 75.25 1295.4
0.80 97.59 75.45 1301.2
0.82 97.79 75.45 1303.3
0.84 98.59 75.86 1311.7
0.86 98.79 75.86 1313.6
0.88 99.20 75.86 1317.7
0.90 100.00 76.06 1325.7
0.92 100.00 76.06 1325.7
0.94 100.00 76.06 1325.7
0.96 100.00 76.06 1325.7
0.98 100.00 76.06 1325.7
1.00 100.00 76.06 1325.7
1.01 100.00 76.06 1325.7
