t esc acc ms
0.00 0.00 29.98 272.8
0.30 5.84 33.40 336.3
0.32 8.85 34.81 369.4
0.34 11.87 36.02 400.6
0.36 14.08 37.22 424.1
0.38 18.51 39.44 474.4
0.40 23.34 41.45 525.6
0.42 26.96 43.06 565.4
0.44 31.59 45.07 616.9
0.46 38.23 49.30 691.6
0.48 41.65 51.31 728.9
0.50 44.87 52.72 764.5
0.52 49.30 54.93 812.0
0.54 53.12 56.54 853.3
0.56 56.14 57.95 886.9
0.58 59.76 59.36 926.5
0.60 63.58 61.17 966.2
0.62 67.20 63.18 1004.8
0.64 71.03 64.79 1047.0
0.66 74.65 66.80 1085.9
0.68 77.26 67.81 1113.6
0.70 80.08 69.42 1142.9
0.72 81.89 70.42 1160.7
0.74 84.31 71.03 1186.2
0.76 86.32 71.63 1208.5
0.78 88.53 72.23 1232.1
0.80 90.54 73.64 1252.8
0.82 92.56 74.65 1273.9
0.84 93.76 75.25 1285.1
0.86 94.57 75.45 1293.6
0.88 95.98 75.65 1309.1
0.90 97.18 75.86 1321.5
0.92 98.39 76.06 1333.2
0.94 100.00 76.06 1349.9
0.96 100.00 76.06 1349.9
0.98 100.00 76.06 1349.9
1.00 100.00 76.06 1349.9
1.01 100.00 76.06 1349.9
