t esc acc ms
0.00 0.00 89.13 145.3
0.30 0.00 89.13 145.3
0.32 0.00 89.13 145.3
0.34 0.00 89.13 145.3
0.36 0.00 89.13 145.3
0.38 0.00 89.13 145.3
0.40 0.00 89.13 145.3
0.42 0.00 89.13 145.3
0.44 0.00 89.13 145.3
0.46 0.00 89.13 145.3
0.48 1.09 89.13 150.3
0.50 3.26 89.13 160.4
0.52 6.52 90.22 181.8
0.54 8.70 89.13 196.7
0.56 13.04 89.13 222.8
0.58 16.30 88.04 244.5
0.60 17.39 88.04 249.4
0.62 20.65 88.04 269.0
0.64 20.65 88.04 269.0
0.66 21.74 88.04 274.7
0.68 21.74 88.04 274.7
0.70 23.91 88.04 288.3
0.72 23.91 88.04 288.3
0.74 25.00 88.04 293.4
0.76 28.26 88.04 312.1
0.78 32.61 88.04 336.9
0.80 32.61 88.04 336.9
0.82 36.96 88.04 360.4
0.84 36.96 88.04 360.4
0.86 42.39 86.96 395.7
0.88 52.17 86.96 458.9
0.90 53.26 86.96 466.8
0.92 55.43 86.96 477.4
0.94 64.13 86.96 528.9
0.96 70.65 86.96 571.0
0.98 81.52 86.96 635.5
1.00 100.00 86.96 761.0
1.01 100.00 86.96 761.0
