t esc acc ms
0.00 0.00 79.86 130.5
0.30 0.00 79.86 130.5
0.32 0.00 79.86 130.5
0.34 0.00 79.86 130.5
0.36 0.00 79.86 130.5
0.38 0.00 79.86 130.5
0.40 0.00 79.86 130.5
0.42 0.00 79.86 130.5
0.44 0.00 79.86 130.5
0.46 0.00 79.86 130.5
0.48 0.00 79.86 130.5
0.50 0.00 79.86 130.5
0.52 0.46 80.09 132.7
0.54 0.93 80.44 135.0
0.56 1.16 80.67 136.4
0.58 1.74 80.56 139.2
0.60 2.89 80.90 145.2
0.62 3.82 81.25 149.8
0.64 4.28 81.37 152.3
0.66 5.21 81.94 157.7
0.68 7.06 82.52 168.5
0.70 8.10 82.99 174.3
0.72 9.14 83.22 179.8
0.74 10.65 83.10 187.6
0.76 13.08 82.99 200.6
0.78 16.32 83.10 218.7
0.80 19.10 83.22 233.2
0.82 22.80 83.22 253.3
0.84 29.86 83.45 291.0
0.86 36.00 83.56 323.6
0.88 44.44 84.03 367.7
0.90 56.13 84.72 428.9
0.92 70.72 84.72 506.7
0.94 83.22 84.84 571.9
0.96 89.70 84.72 606.6
0.98 97.57 84.72 647.1
1.00 100.00 84.72 659.0
1.01 100.00 84.72 659.0
