t esc acc ms
0.00 0.00 83.62 94.3
0.30 0.30 83.68 95.7
0.32 0.41 83.74 96.3
0.34 0.83 83.74 98.4
0.36 1.60 83.91 102.2
0.38 2.31 83.97 105.8
0.40 3.31 84.15 110.9
0.42 4.44 84.39 116.5
0.44 5.68 84.51 122.7
0.46 8.40 84.98 136.4
0.48 10.59 85.63 147.7
0.50 12.71 85.98 158.3
0.52 14.78 86.22 168.7
0.54 16.56 86.28 177.9
0.56 18.92 86.64 189.7
0.58 21.76 86.99 203.9
0.60 24.36 87.29 216.8
0.62 27.62 87.29 233.1
0.64 30.28 87.64 247.0
0.66 33.41 87.76 262.4
0.68 36.07 87.88 275.7
0.70 39.15 88.23 291.2
0.72 42.11 88.41 306.1
0.74 45.89 88.41 324.7
0.76 49.85 88.47 344.3
0.78 54.05 88.53 365.3
0.80 58.19 88.41 386.1
0.82 62.74 88.47 408.5
0.84 67.42 88.53 431.5
0.86 71.73 88.59 452.9
0.88 76.40 88.35 476.4
0.90 80.78 88.35 498.4
0.92 85.75 88.29 523.6
0.94 90.30 88.29 547.0
0.96 95.45 88.29 573.1
0.98 99.41 88.29 593.0
1.00 100.00 88.29 596.0
1.01 100.00 88.29 596.0
