t esc acc ms
0.00 0.00 15.29 62.4
0.30 76.26 64.39 886.3
0.32 84.71 68.61 975.6
0.34 89.54 71.43 1025.9
0.36 93.36 73.84 1068.3
0.38 96.18 75.45 1097.9
0.40 96.98 75.86 1106.8
0.42 97.59 75.86 1113.5
0.44 98.79 75.86 1125.8
0.46 98.99 76.06 1128.0
0.48 99.20 76.06 1130.5
0.50 99.20 76.06 1130.5
0.52 99.40 76.06 1132.6
0.54 99.40 76.06 1132.6
0.56 99.60 76.06 1135.1
0.58 99.60 76.06 1135.1
0.60 99.80 76.06 1137.3
0.62 99.80 76.06 1137.3
0.64 99.80 76.06 1137.3
0.66 99.80 76.06 1137.3
0.68 99.80 76.06 1137.3
0.70 99.80 76.06 1137.3
0.72 99.80 76.06 1137.3
0.74 100.00 76.06 1139.5
0.76 100.00 76.06 1139.5
0.78 100.00 76.06 1139.5
0.80 100.00 76.06 1139.5
0.82 100.00 76.06 1139.5
0.84 100.00 76.06 1139.5
0.86 100.00 76.06 1139.5
0.88 100.00 76.06 1139.5
0.90 100.00 76.06 1139.5
0.92 100.00 76.06 1139.5
0.94 100.00 76.06 1139.5
0.96 100.00 76.06 1139.5
0.98 100.00 76.06 1139.5
1.00 100.00 76.06 1139.5
1.01 100.00 76.06 1139.5
