t esc acc ms
0.00 0.00 63.63 21.0
0.30 16.68 71.67 105.0
0.32 22.24 73.86 132.9
0.34 28.68 76.29 165.8
0.36 34.71 78.36 195.9
0.38 41.34 80.37 228.9
0.40 48.08 81.96 262.4
0.42 53.87 83.50 291.4
0.44 60.32 84.39 323.6
0.46 65.41 85.45 349.2
0.48 70.14 85.98 372.8
0.50 73.68 86.28 390.5
0.52 77.59 86.69 410.0
0.54 80.60 86.93 425.5
0.56 83.74 87.23 441.2
0.58 86.28 87.64 453.8
0.60 89.06 87.70 467.6
0.62 91.13 87.88 477.8
0.64 92.90 88.00 486.6
0.66 94.26 88.11 493.8
0.68 95.39 88.17 499.5
0.70 96.51 88.35 505.1
0.72 97.34 88.35 509.4
0.74 98.05 88.35 512.8
0.76 98.82 88.29 516.7
0.78 99.35 88.29 519.5
0.80 99.53 88.29 520.4
0.82 99.65 88.29 520.9
0.84 99.82 88.29 521.8
0.86 99.88 88.29 522.1
0.88 99.94 88.29 522.4
0.90 99.94 88.29 522.4
0.92 100.00 88.29 522.7
0.94 100.00 88.29 522.7
0.96 100.00 88.29 522.7
0.98 100.00 88.29 522.7
1.00 100.00 88.29 522.7
1.01 100.00 88.29 522.7
