t esc acc ms
0.00 0.00 79.17 83.5
0.30 0.00 79.17 83.5
0.32 0.00 79.17 83.5
0.34 0.00 79.17 83.5
0.36 0.00 79.17 83.5
0.38 0.00 79.17 83.5
0.40 0.00 79.17 83.5
0.42 0.00 79.17 83.5
0.44 0.00 79.17 83.5
0.46 0.00 79.17 83.5
0.48 0.00 79.17 83.5
0.50 0.00 79.17 83.5
0.52 1.50 80.21 91.8
0.54 2.43 80.79 96.5
0.56 3.12 80.79 100.0
0.58 5.56 81.71 112.9
0.60 6.71 82.29 119.1
0.62 7.99 82.52 125.4
0.64 9.26 83.22 131.9
0.66 10.19 83.22 136.7
0.68 11.81 83.33 145.8
0.70 13.08 83.80 153.0
0.72 14.81 83.68 161.5
0.74 15.97 83.80 167.2
0.76 17.48 83.80 174.8
0.78 19.10 83.91 183.2
0.80 22.80 84.03 201.6
0.82 26.16 84.38 219.8
0.84 29.98 84.61 239.1
0.86 33.56 84.72 257.6
0.88 39.58 84.84 288.6
0.90 45.72 84.84 321.0
0.92 53.36 84.84 361.4
0.94 64.35 84.84 420.4
0.96 81.02 84.84 511.1
0.98 96.06 84.72 590.8
1.00 100.00 84.72 612.0
1.01 100.00 84.72 612.0
