t esc acc ms
0.00 0.00 81.94 19.3
0.30 0.00 81.94 19.3
0.32 0.00 81.94 19.3
0.34 0.00 81.94 19.3
0.36 0.00 81.94 19.3
0.38 0.00 81.94 19.3
0.40 0.00 81.94 19.3
0.42 0.00 81.94 19.3
0.44 0.00 81.94 19.3
0.46 0.00 81.94 19.3
0.48 0.00 81.94 19.3
0.50 0.00 81.94 19.3
0.52 0.46 81.94 21.6
0.54 1.27 82.18 25.6
0.56 2.43 82.87 31.7
0.58 4.28 83.68 41.2
0.60 7.29 84.61 56.3
0.62 9.84 84.84 69.2
0.64 12.50 84.84 82.6
0.66 15.16 85.07 95.8
0.68 18.29 86.46 111.8
0.70 21.76 86.92 130.4
0.72 25.46 86.57 148.9
0.74 30.21 86.00 172.1
0.76 32.52 85.53 184.1
0.78 35.30 85.53 198.3
0.80 38.77 85.30 216.4
0.82 42.48 85.30 235.8
0.84 46.64 85.19 258.2
0.86 53.59 85.19 296.0
0.88 63.54 84.95 350.9
0.90 77.66 84.72 428.9
0.92 91.20 84.72 502.4
0.94 97.34 84.72 534.5
0.96 99.65 84.72 546.2
0.98 99.88 84.72 547.2
1.00 100.00 84.72 547.8
1.01 100.00 84.72 547.8
