t esc acc ms
0.00 0.00 89.13 650.8
0.30 0.00 89.13 650.8
0.32 0.00 89.13 650.8
0.34 0.00 89.13 650.8
0.36 0.00 89.13 650.8
0.38 0.00 89.13 650.8
0.40 0.00 89.13 650.8
0.42 0.00 89.13 650.8
0.44 0.00 89.13 650.8
0.46 0.00 89.13 650.8
0.48 0.00 89.13 650.8
0.50 0.00 89.13 650.8
0.52 1.09 89.13 656.7
0.54 1.09 89.13 656.7
0.56 1.09 89.13 656.7
0.58 1.09 89.13 656.7
0.60 3.26 89.13 669.8
0.62 3.26 89.13 669.8
0.64 4.35 89.13 678.2
0.66 5.43 88.04 684.3
0.68 6.52 88.04 689.4
0.70 7.61 88.04 694.5
0.72 7.61 88.04 694.5
0.74 7.61 88.04 694.5
0.76 7.61 88.04 694.5
0.78 7.61 88.04 694.5
0.80 8.70 88.04 701.2
0.82 10.87 88.04 714.4
0.84 11.96 88.04 722.2
0.86 15.22 88.04 739.2
0.88 16.30 86.96 745.9
0.90 18.48 86.96 758.4
0.92 19.57 86.96 766.1
0.94 32.61 86.96 839.6
0.96 52.17 86.96 960.3
0.98 77.17 86.96 1123.6
1.00 100.00 86.96 1266.6
1.01 100.00 86.96 1266.6
