t esc acc ms
0.00 0.00 31.39 356.7
0.30 4.83 34.21 409.1
0.32 6.24 35.01 423.9
0.34 11.27 37.42 479.1
0.36 14.89 39.03 520.8
0.38 19.52 41.25 569.5
0.40 26.16 44.06 641.1
0.42 32.39 47.28 708.8
0.44 37.83 50.30 766.0
0.46 42.66 52.31 818.5
0.48 48.69 54.73 884.7
0.50 53.12 56.14 931.4
0.52 57.75 58.55 981.5
0.54 61.17 59.76 1019.2
0.56 64.59 61.77 1054.5
0.58 68.61 63.78 1098.9
0.60 72.64 65.79 1142.8
0.62 75.25 67.20 1172.5
0.64 77.87 67.40 1200.9
0.66 79.68 68.81 1218.9
0.68 82.49 70.62 1250.6
0.70 84.91 72.03 1275.9
0.72 86.92 72.43 1297.8
0.74 88.73 73.04 1316.3
0.76 90.74 73.64 1336.5
0.78 93.96 74.85 1370.8
0.80 95.57 74.65 1388.2
0.82 96.58 75.25 1399.1
0.84 96.98 75.25 1403.2
0.86 97.38 75.45 1407.3
0.88 97.79 75.45 1411.0
0.90 98.99 75.86 1424.3
0.92 98.99 75.86 1424.3
0.94 99.20 75.86 1426.4
0.96 99.80 76.06 1431.9
0.98 100.00 76.06 1433.8
1.00 100.00 76.06 1433.8
1.01 100.00 76.06 1433.8
