t esc acc ms
0.00 0.00 76.76 477.9
0.30 0.12 76.76 478.5
0.32 0.24 76.82 479.1
0.34 0.53 76.88 480.6
0.36 1.06 76.82 483.3
0.38 1.66 76.88 486.3
0.40 2.19 77.00 489.0
0.42 3.13 77.29 493.7
0.44 3.73 77.35 496.7
0.46 4.91 77.59 502.6
0.48 6.62 78.42 511.5
0.50 9.17 79.60 524.3
0.52 11.47 80.43 536.1
0.54 14.19 81.43 549.7
0.56 17.15 82.14 564.4
0.58 19.69 82.97 577.0
0.60 22.06 83.74 588.9
0.62 25.01 84.33 603.7
0.64 27.08 85.04 614.0
0.66 29.57 85.45 626.4
0.68 33.06 86.16 644.1
0.70 35.78 86.58 657.4
0.72 39.03 86.93 674.0
0.74 42.40 87.11 690.7
0.76 45.77 87.46 707.7
0.78 49.14 87.88 724.8
0.80 52.51 87.94 742.0
0.82 56.30 88.11 761.1
0.84 61.09 88.23 785.3
0.86 66.41 88.41 811.9
0.88 72.03 88.29 840.1
0.90 79.12 88.29 875.4
0.92 86.16 88.29 910.3
0.94 92.25 88.29 940.9
0.96 97.81 88.29 968.6
0.98 99.76 88.29 978.3
1.00 100.00 88.29 979.6
1.01 100.00 88.29 979.6
