t esc acc ms
0.00 0.00 86.34 142.4
0.30 0.24 86.34 143.6
0.32 0.24 86.34 143.6
0.34 0.35 86.34 144.3
0.36 0.83 86.40 146.6
0.38 1.12 86.52 148.1
0.40 1.66 86.75 150.9
0.42 2.37 86.75 154.4
0.44 3.08 86.81 158.0
0.46 4.02 86.87 162.9
0.48 4.73 87.05 166.5
0.50 6.51 87.17 175.6
0.52 7.92 87.17 182.9
0.54 9.76 87.29 192.2
0.56 12.12 87.58 204.3
0.58 13.84 87.58 212.9
0.60 15.85 87.64 223.0
0.62 17.33 87.76 230.5
0.64 18.75 87.58 237.6
0.66 20.93 87.76 248.5
0.68 22.95 87.94 258.7
0.70 25.43 88.05 271.4
0.72 27.08 88.00 279.7
0.74 29.69 87.94 293.0
0.76 32.05 88.05 304.5
0.78 34.95 88.17 319.2
0.80 38.32 88.35 336.1
0.82 41.63 88.35 352.3
0.84 45.24 88.29 370.1
0.86 49.32 88.29 390.2
0.88 54.70 88.23 417.1
0.90 61.21 88.11 449.0
0.92 68.18 88.17 483.9
0.94 74.99 88.29 517.9
0.96 83.80 88.29 561.8
0.98 93.55 88.29 611.4
1.00 100.00 88.29 644.1
1.01 100.00 88.29 644.1
