t esc acc ms
0.00 0.00 81.61 142.7
0.30 0.30 81.67 144.5
0.32 0.59 81.79 146.0
0.34 0.65 81.79 146.2
0.36 1.18 82.02 148.9
0.38 1.77 82.38 151.9
0.40 2.54 82.38 155.8
0.42 3.31 82.55 159.7
0.44 4.26 82.97 164.4
0.46 5.56 83.26 171.2
0.48 6.98 83.38 178.4
0.50 8.28 84.03 184.8
0.52 9.76 84.57 192.1
0.54 11.41 84.74 200.5
0.56 13.01 85.27 208.8
0.58 15.02 85.63 218.8
0.60 17.21 85.81 229.9
0.62 18.81 85.87 237.8
0.64 19.93 85.87 243.5
0.66 22.18 86.46 254.8
0.68 24.13 86.75 264.6
0.70 26.02 86.75 274.3
0.72 28.86 86.93 289.0
0.74 30.93 87.11 299.6
0.76 34.30 87.29 316.8
0.78 37.91 87.46 334.6
0.80 42.64 87.70 358.4
0.82 47.96 87.94 384.8
0.84 55.00 88.05 420.1
0.86 62.68 88.11 458.3
0.88 70.85 88.05 499.4
0.90 78.71 88.23 538.6
0.92 87.23 88.17 580.7
0.94 95.51 88.23 621.9
0.96 98.94 88.29 639.0
0.98 100.00 88.29 644.4
1.00 100.00 88.29 644.4
1.01 100.00 88.29 644.4
