t esc acc ms
0.00 0.00 88.04 213.5
0.30 0.00 88.04 213.5
0.32 0.00 88.04 213.5
0.34 0.00 88.04 213.5
0.36 0.00 88.04 213.5
0.38 0.00 88.04 213.5
0.40 0.00 88.04 213.5
0.42 0.00 88.04 213.5
0.44 0.00 88.04 213.5
0.46 0.00 88.04 213.5
0.48 0.00 88.04 213.5
0.50 1.09 88.04 219.4
0.52 2.17 88.04 227.2
0.54 5.43 86.96 243.3
0.56 9.78 86.96 268.5
0.58 11.96 88.04 279.8
0.60 14.13 88.04 290.2
0.62 15.22 88.04 298.8
0.64 19.57 88.04 322.4
0.66 20.65 88.04 330.9
0.68 25.00 86.96 362.8
0.70 26.09 86.96 370.1
0.72 27.17 86.96 375.0
0.74 27.17 86.96 375.0
0.76 29.35 86.96 388.0
0.78 29.35 86.96 388.0
0.80 32.61 86.96 407.3
0.82 34.78 86.96 420.4
0.84 36.96 86.96 431.9
0.86 36.96 86.96 431.9
0.88 36.96 86.96 431.9
0.90 42.39 86.96 464.6
0.92 46.74 86.96 493.2
0.94 59.78 86.96 569.0
0.96 68.48 86.96 625.7
0.98 79.35 86.96 690.7
1.00 100.00 86.96 829.3
1.01 100.00 86.96 829.3
