t esc acc ms
0.00 0.00 83.56 438.5
0.30 0.00 83.56 438.5
0.32 0.00 83.56 438.5
0.34 0.00 83.56 438.5
0.36 0.00 83.56 438.5
0.38 0.00 83.56 438.5
0.40 0.00 83.56 438.5
0.42 0.00 83.56 438.5
0.44 0.00 83.56 438.5
0.46 0.00 83.56 438.5
0.48 0.00 83.56 438.5
0.50 0.00 83.56 438.5
0.52 0.93 83.68 442.8
0.54 1.85 83.91 447.7
0.56 2.31 84.03 449.9
0.58 2.78 84.03 452.1
0.60 3.12 84.14 453.7
0.62 3.59 84.49 456.2
0.64 4.17 84.49 459.2
0.66 5.79 84.49 467.1
0.68 6.48 84.49 471.2
0.70 8.22 84.38 479.5
0.72 9.72 84.72 487.6
0.74 11.23 84.72 495.0
0.76 12.27 84.84 500.2
0.78 13.31 84.95 505.5
0.80 15.51 84.95 516.7
0.82 18.52 84.84 531.3
0.84 20.49 84.84 541.0
0.86 23.73 84.84 557.2
0.88 27.08 84.84 574.8
0.90 30.90 84.95 594.6
0.92 38.19 84.84 632.9
0.94 49.19 84.84 692.8
0.96 63.19 84.84 768.0
0.98 89.00 84.72 908.8
1.00 100.00 84.72 967.0
1.01 100.00 84.72 967.0
