t esc acc ms
0.00 0.00 85.87 36.8
0.30 0.00 85.87 36.8
0.32 0.00 85.87 36.8
0.34 1.09 85.87 44.1
0.36 1.09 85.87 44.1
0.38 3.26 85.87 55.4
0.40 5.43 85.87 70.1
0.42 7.61 85.87 81.4
0.44 10.87 84.78 101.5
0.46 14.13 85.87 120.4
0.48 17.39 84.78 140.6
0.50 22.83 85.87 172.5
0.52 27.17 85.87 197.0
0.54 34.78 86.96 244.3
0.56 38.04 88.04 266.6
0.58 42.39 88.04 291.9
0.60 51.09 86.96 347.2
0.62 56.52 86.96 377.0
0.64 65.22 86.96 431.5
0.66 73.91 85.87 494.7
0.68 79.35 85.87 526.6
0.70 83.70 86.96 553.7
0.72 86.96 86.96 576.0
0.74 92.39 86.96 610.5
0.76 93.48 86.96 617.1
0.78 94.57 86.96 622.2
0.80 96.74 86.96 633.9
0.82 97.83 86.96 639.2
0.84 97.83 86.96 639.2
0.86 100.00 86.96 652.6
0.88 100.00 86.96 652.6
0.90 100.00 86.96 652.6
0.92 100.00 86.96 652.6
0.94 100.00 86.96 652.6
0.96 100.00 86.96 652.6
0.98 100.00 86.96 652.6
1.00 100.00 86.96 652.6
1.01 100.00 86.96 652.6
