t esc acc ms
0.00 0.00 66.40 925.3
0.30 7.65 67.20 1006.8
0.32 10.87 67.81 1041.4
0.34 13.68 68.01 1069.9
0.36 16.90 68.21 1102.0
0.38 19.32 69.22 1126.7
0.40 21.93 70.42 1153.8
0.42 26.56 70.82 1202.9
0.44 30.38 71.63 1243.0
0.46 33.20 71.63 1273.4
0.48 36.62 73.04 1312.5
0.50 41.25 75.05 1362.6
0.52 45.88 75.65 1414.3
0.54 49.90 75.86 1458.0
0.56 52.31 76.06 1483.7
0.58 55.94 75.86 1523.9
0.60 58.75 75.86 1554.9
0.62 61.97 75.25 1591.1
0.64 65.39 75.65 1626.9
0.66 68.21 75.65 1656.3
0.68 70.82 75.86 1687.4
0.70 72.64 76.46 1707.4
0.72 75.45 76.46 1737.2
0.74 77.46 76.26 1758.3
0.76 79.48 76.26 1780.0
0.78 82.29 76.26 1810.2
0.80 84.31 76.26 1833.8
0.82 85.51 76.26 1847.4
0.84 87.32 76.26 1866.7
0.86 91.35 76.06 1909.5
0.88 94.37 76.06 1942.3
0.90 95.98 76.06 1959.8
0.92 97.38 76.06 1975.3
0.94 98.39 76.06 1986.0
0.96 99.20 76.06 1994.6
0.98 100.00 76.06 2002.4
1.00 100.00 76.06 2002.4
1.01 100.00 76.06 2002.4
