t esc acc ms
0.00 0.00 86.96 193.2
0.30 0.00 86.96 193.2
0.32 0.00 86.96 193.2
0.34 0.00 86.96 193.2
0.36 0.00 86.96 193.2
0.38 0.00 86.96 193.2
0.40 0.00 86.96 193.2
0.42 0.00 86.96 193.2
0.44 0.00 86.96 193.2
0.46 0.00 86.96 193.2
0.48 0.00 86.96 193.2
0.50 0.00 86.96 193.2
0.52 1.09 88.04 201.3
0.54 2.17 88.04 206.6
0.56 2.17 88.04 206.6
0.58 5.43 86.96 225.9
0.60 6.52 86.96 233.9
0.62 6.52 86.96 233.9
0.64 8.70 89.13 248.5
0.66 8.70 89.13 248.5
0.68 10.87 88.04 259.8
0.70 10.87 88.04 259.8
0.72 14.13 88.04 277.9
0.74 15.22 88.04 283.1
0.76 19.57 86.96 312.4
0.78 19.57 86.96 312.4
0.80 20.65 86.96 317.4
0.82 22.83 86.96 331.1
0.84 23.91 86.96 337.5
0.86 27.17 86.96 353.7
0.88 36.96 86.96 411.3
0.90 41.30 86.96 439.3
0.92 54.35 86.96 513.9
0.94 66.30 86.96 592.4
0.96 91.30 86.96 750.5
0.98 100.00 86.96 809.0
1.00 100.00 86.96 809.0
1.01 100.00 86.96 809.0
